accuracy: 0.949936717761215 
precision: 0.9477199286616215 
recall: 0.9464880338247377 
f1: 0.9470952154920613